Accuracy: 84.35
Loss: 36.874338418245316
Time (ms): 3267.0722365379333