Accuracy: 83.85
Loss: 37.67464128136635
Time (ms): 3263.1030201911926