Accuracy: 83.94
Loss: 36.29560112953186
Time (ms): 4762.113273143768