Accuracy: 78.77
Loss: 47.79853290319443
Time (ms): 4241.780245304108