Accuracy: 83.76
Loss: 37.46213462948799
Time (ms): 4801.813089847565