Accuracy: 83.53
Loss: 37.55300930142403
Time (ms): 8002.218556404114