Accuracy: 68.77
Loss: 73.7144426703453
Time (ms): 2790.2644872665405