Accuracy: 83.98
Loss: 34.501207545399666
Time (ms): 3700.5347967147827