Accuracy: 83.79
Loss: 34.74172441661358
Time (ms): 3663.0022525787354