Accuracy: 80.13
Loss: 43.43733698129654
Time (ms): 3633.152163028717