Accuracy: 78.49
Loss: 47.327802896499634
Time (ms): 4785.270798206329