Accuracy: 84.39
Loss: 35.79073020815849
Time (ms): 5118.851816654205