Accuracy: 84.6
Loss: 34.267489701509476
Time (ms): 1891.4227485656738