Accuracy: 84.39
Loss: 34.99661883711815
Time (ms): 1897.5674867630005