Accuracy: 83.99
Loss: 35.72972756624222
Time (ms): 1908.7004899978638