Accuracy: 80.77
Loss: 42.338500291109085
Time (ms): 16245.676302909851