Accuracy: 84.53
Loss: 34.79242569208145
Time (ms): 16216.26490354538