Accuracy: 84.11
Loss: 34.15046049654484
Time (ms): 16895.12268304825