Accuracy: 82.09
Loss: 39.563423216342926
Time (ms): 33708.63788127899