Accuracy: 83.3
Loss: 36.487054228782654
Time (ms): 34328.014850616455