Accuracy: 83.11
Loss: 36.50617302954197
Time (ms): 34489.37300443649