Accuracy: 84.11
Loss: 33.842706859111786
Time (ms): 20738.548755645752