Accuracy: 81.11
Loss: 41.084872752428055
Time (ms): 21001.843106746674