Accuracy: 84.29
Loss: 34.70188766717911
Time (ms): 20794.55053806305