Accuracy: 83.73
Loss: 37.630167201161385
Time (ms): 3507.066822052002