Accuracy: 84.76
Loss: 34.53074964880943
Time (ms): 11583.986866474152