Accuracy: 84.02
Loss: 34.90677386522293
Time (ms): 11443.389868736267