Accuracy: 81.38
Loss: 40.473212480545044
Time (ms): 11552.893042564392