Accuracy: 81.69
Loss: 40.88428795337677
Time (ms): 26527.925312519073