Accuracy: 84.01
Loss: 34.554133892059326
Time (ms): 29417.06782579422