Accuracy: 83.34
Loss: 36.06230852007866
Time (ms): 27725.100255012512