Accuracy: 83.3
Loss: 37.414855509996414
Time (ms): 3347.478675842285