Accuracy: 84.19
Loss: 35.63296711444855
Time (ms): 3644.813013076782