Accuracy: 79.33
Loss: 50.76374411582947
Time (ms): 7406.778061389923