Accuracy: 83.81
Loss: 36.52535083889961
Time (ms): 7845.29914855957