Accuracy: 83.98
Loss: 36.50851871073246
Time (ms): 8990.710759162903