Accuracy: 84.4
Loss: 35.30199679732323
Time (ms): 8988.826858997345