Accuracy: 79.51
Loss: 49.35547578334808
Time (ms): 9016.294777393341