Accuracy: 84.54
Loss: 34.43898716568947
Time (ms): 1309.0524435043335