Accuracy: 68.09
Loss: 74.14722740650177
Time (ms): 1304.881751537323