Accuracy: 84.95
Loss: 33.90149933099747
Time (ms): 1314.6785259246826