Accuracy: 83.8
Loss: 36.97547048330307
Time (ms): 6395.618379116058