Accuracy: 82.13
Loss: 40.941142141819
Time (ms): 3478.265917301178