Accuracy: 84.32
Loss: 35.731158405542374
Time (ms): 6571.2726354599