Accuracy: 80.0
Loss: 45.05086624622345
Time (ms): 6359.69135761261