Accuracy: 82.51
Loss: 38.294954776763916
Time (ms): 2778.778100013733