Accuracy: 83.81
Loss: 35.50029444694519
Time (ms): 2777.938663959503