Accuracy: 83.65
Loss: 35.23526510596275
Time (ms): 2845.050024986267