Accuracy: 84.77
Loss: 35.54982799291611
Time (ms): 2538.438105583191