Accuracy: 83.75
Loss: 37.35481810569763
Time (ms): 2488.075578212738