Accuracy: 80.32
Loss: 43.84310066699982
Time (ms): 5735.3119015693665