Accuracy: 84.24
Loss: 36.22038021683693
Time (ms): 5832.834041118622