Accuracy: 83.21
Loss: 37.2329198718071
Time (ms): 3863.6274337768555