Accuracy: 83.78
Loss: 37.70557153224945
Time (ms): 5889.768946170807